   1.0000000000000000e-02	   1.0189617231914011e+02	   3.4225329663656394e+00	   3.6868987021788119e-01	   1.5776585329163626e+00	   2.9877301991579959e+00	
   1.0186289902446875e-02	   1.0006371387496991e+02	   3.4128830589918606e+00	   3.6640869794557984e-01	   1.5773116550000510e+00	   2.9784477393047117e+00	
   1.0376050197669118e-02	   9.8264702615516754e+01	   3.4032361678932048e+00	   3.6413009250233036e-01	   1.5769604844608966e+00	   2.9691733602058976e+00	
   1.0569345535579883e-02	   9.6498526884038952e+01	   3.3935923380401078e+00	   3.6185408742025815e-01	   1.5766049793360009e+00	   2.9599071692695023e+00	
   1.0766241770454934e-02	   9.4764586205943715e+01	   3.3839516150308002e+00	   3.5958071660030183e-01	   1.5762450975177955e+00	   2.9506492751403259e+00	
   1.0966805983368685e-02	   9.3062291093191249e+01	   3.3743140450990223e+00	   3.5731001431479620e-01	   1.5758807967490163e+00	   2.9413997877098459e+00	
   1.1171106505048243e-02	   9.1391062839088889e+01	   3.3646796751218577e+00	   3.5504201520981465e-01	   1.5755120346412061e+00	   2.9321588181263354e+00	
   1.1379212939153151e-02	   8.9750333316662761e+01	   3.3550485526276224e+00	   3.5277675430755284e-01	   1.5751387686697202e+00	   2.9229264788048086e+00	
   1.1591196185988858e-02	   8.8139544793789270e+01	   3.3454207258039075e+00	   3.5051426700882493e-01	   1.5747609561935358e+00	   2.9137028834369549e+00	
   1.1807128466661904e-02	   8.6558149737490083e+01	   3.3357962435055026e+00	   3.4825458909518592e-01	   1.5743785544497575e+00	   2.9044881470011648e+00	
   1.2027083347685121e-02	   8.5005610630399900e+01	   3.3261751552625958e+00	   3.4599775673143124e-01	   1.5739915205745771e+00	   2.8952823857722625e+00	
   1.2251135766041190e-02	   8.3481399781337274e+01	   3.3165575112889227e+00	   3.4374380646775632e-01	   1.5735998115995100e+00	   2.8860857173315644e+00	
   1.2479362054713113e-02	   8.1984999154754348e+01	   3.3069433624900100e+00	   3.4149277524203631e-01	   1.5732033844650313e+00	   2.8768982605764890e+00	
   1.2711839968690289e-02	   8.0515900189843734e+01	   3.2973327604715039e+00	   3.3924470038201660e-01	   1.5728021960332659e+00	   2.8677201357304933e+00	
   1.2948648711459048e-02	   7.9073603622431364e+01	   3.2877257575475816e+00	   3.3699961960747415e-01	   1.5723962030860885e+00	   2.8585514643527579e+00	
   1.3189868961986699e-02	   7.7657619324110186e+01	   3.2781224067493522e+00	   3.3475757103229559e-01	   1.5719853623466264e+00	   2.8493923693478576e+00	
   1.3435582902208256e-02	   7.6267466130908986e+01	   3.2685227618334580e+00	   3.3251859316666976e-01	   1.5715696304755156e+00	   2.8402429749753413e+00	
   1.3685874245025185e-02	   7.4902671674386198e+01	   3.2589268772906146e+00	   3.3028272491897714e-01	   1.5711489640942713e+00	   2.8311034068594236e+00	
   1.3940828262825779e-02	   7.3562772231616208e+01	   3.2493348083542943e+00	   3.2805000559788094e-01	   1.5707233197822483e+00	   2.8219737919983534e+00	
   1.4200531816536825e-02	   7.2247312555162949e+01	   3.2397466110094548e+00	   3.2582047491423766e-01	   1.5702926540929818e+00	   2.8128542587739180e+00	
   1.4465073385216465e-02	   7.0955845728126803e+01	   3.2301623420013432e+00	   3.2359417298295556e-01	   1.5698569235689708e+00	   2.8037449369608360e+00	
   1.4734543096198351e-02	   6.9687933007844464e+01	   3.2205820588443745e+00	   3.2137114032493447e-01	   1.5694160847405634e+00	   2.7946459577359621e+00	
   1.5009032755797357e-02	   6.8443143671616468e+01	   3.2110058198310067e+00	   3.1915141786869466e-01	   1.5689700941510376e+00	   2.7855574536875909e+00	
   1.5288635880587303e-02	   6.7221054878930431e+01	   3.2014336840408300e+00	   3.1693504695225727e-01	   1.5685189083530231e+00	   2.7764795588245268e+00	
   1.5573447729261343e-02	   6.6021251523301089e+01	   3.1918657113495383e+00	   3.1472206932472985e-01	   1.5680624839358741e+00	   2.7674124085851166e+00	
   1.5863565335085903e-02	   6.4843326085662113e+01	   3.1823019624381059e+00	   3.1251252714796146e-01	   1.5676007775227851e+00	   2.7583561398462106e+00	
   1.6159087538959182e-02	   6.3686878506693631e+01	   3.1727424988019632e+00	   3.1030646299804915e-01	   1.5671337457900274e+00	   2.7493108909319965e+00	
   1.6460115023085507e-02	   6.2551516038140718e+01	   3.1631873827602655e+00	   3.0810391986688446e-01	   1.5666613454849918e+00	   2.7402768016227443e+00	
   1.6766750345277002e-02	   6.1436853119494600e+01	   3.1536366774651632e+00	   3.0590494116351075e-01	   1.5661835334243221e+00	   2.7312540131634093e+00	
   1.7079097973894276e-02	   6.0342511242582262e+01	   3.1440904469112381e+00	   3.0370957071552396e-01	   1.5657002665250717e+00	   2.7222426682721639e+00	
   1.7397264323438015e-02	   5.9268118817253004e+01	   3.1345487559448695e+00	   3.0151785277030507e-01	   1.5652115018012414e+00	   2.7132429111487886e+00	
   1.7721357790803593e-02	   5.8213311056251655e+01	   3.1250116702737900e+00	   2.9932983199628060e-01	   1.5647171963857311e+00	   2.7042548874828989e+00	
   1.8051488792211093e-02	   5.7177729838143144e+01	   3.1154792564765983e+00	   2.9714555348397020e-01	   1.5642173075505534e+00	   2.6952787444621538e+00	
   1.8387769800823277e-02	   5.6161023597820794e+01	   3.1059515820124002e+00	   2.9496506274714956e-01	   1.5637117927074569e+00	   2.6863146307801573e+00	
   1.8730315385064374e-02	   5.5162847194451736e+01	   3.0964287152304109e+00	   2.9278840572369863e-01	   1.5632006094302058e+00	   2.6773626966443826e+00	
   1.9079242247652659e-02	   5.4182861805932731e+01	   3.0869107253797563e+00	   2.9061562877656999e-01	   1.5626837154760995e+00	   2.6684230937838476e+00	
   1.9434669265360211e-02	   5.3220734801618192e+01	   3.0773976826191896e+00	   2.8844677869455149e-01	   1.5621610687850405e+00	   2.6594959754566312e+00	
   1.9796717529513334e-02	   5.2276139639082572e+01	   3.0678896580269326e+00	   2.8628190269297143e-01	   1.5616326275156558e+00	   2.6505814964573102e+00	
   2.0165510387247475e-02	   5.1348755749128514e+01	   3.0583867236105355e+00	   2.8412104841433833e-01	   1.5610983500422633e+00	   2.6416798131241279e+00	
   2.0541173483530642e-02	   5.0438268420916756e+01	   3.0488889523168274e+00	   2.8196426392883084e-01	   1.5605581949806138e+00	   2.6327910833460852e+00	
   2.0923834803969768e-02	   4.9544368706580926e+01	   3.0393964180418678e+00	   2.7981159773473840e-01	   1.5600121212122577e+00	   2.6239154665697311e+00	
   2.1313624718414376e-02	   4.8666753302660631e+01	   3.0299091956409629e+00	   2.7766309875879414e-01	   1.5594600878851521e+00	   2.6150531238058803e+00	
   2.1710676025372647e-02	   4.7805124459983176e+01	   3.0204273609387475e+00	   2.7551881635636094e-01	   1.5589020544403978e+00	   2.6062042176360913e+00	
   2.2115123997254887e-02	   4.6959189869064105e+01	   3.0109509907392615e+00	   2.7337880031158729e-01	   1.5583379806381359e+00	   2.5973689122188888e+00	
   2.2527106426459803e-02	   4.6128662573615124e+01	   3.0014801628360961e+00	   2.7124310083735775e-01	   1.5577678265585735e+00	   2.5885473732958855e+00	
   2.2946763672319362e-02	   4.5313260859713779e+01	   2.9920149560226150e+00	   2.6911176857522873e-01	   1.5571915526302529e+00	   2.5797397681975842e+00	
   2.3374238708918148e-02	   4.4512708172868010e+01	   2.9825554501021143e+00	   2.6698485459517440e-01	   1.5566091196573479e+00	   2.5709462658490185e+00	
   2.3809677173803584e-02	   4.3726733010726591e+01	   2.9731017258981352e+00	   2.6486241039525948e-01	   1.5560204888211775e+00	   2.5621670367751235e+00	
   2.4253227417603530e-02	   4.2955068843680493e+01	   2.9636538652647122e+00	   2.6274448790115351e-01	   1.5554256217097933e+00	   2.5534022531059093e+00	
   2.4705040554568253e-02	   4.2197454010886865e+01	   2.9542119510967022e+00	   2.6063113946555611e-01	   1.5548244803471634e+00	   2.5446520885813158e+00	
   2.5165270514053917e-02	   4.1453631644366837e+01	   2.9447760673401389e+00	   2.5852241786745217e-01	   1.5542170271946403e+00	   2.5359167185559186e+00	
   2.5634074092965149e-02	   4.0723349568128882e+01	   2.9353462990025916e+00	   2.5641837631129472e-01	   1.5536032251821992e+00	   2.5271963200032292e+00	
   2.6111611009174595e-02	   4.0006360225742689e+01	   2.9259227321635701e+00	   2.5431906842598251e-01	   1.5529830377397742e+00	   2.5184910715198758e+00	
   2.6598043955937584e-02	   3.9302420583937540e+01	   2.9165054539849207e+00	   2.5222454826372687e-01	   1.5523564287980014e+00	   2.5098011533293829e+00	
   2.7093538657320518e-02	   3.8611292055631345e+01	   2.9070945527212970e+00	   2.5013487029882453e-01	   1.5517233628252536e+00	   2.5011267472857064e+00	
   2.7598263924661803e-02	   3.7932740422264267e+01	   2.8976901177305621e+00	   2.4805008942620052e-01	   1.5510838048433571e+00	   2.4924680368764802e+00	
   2.8112391714084643e-02	   3.7266535743965584e+01	   2.8882922394842896e+00	   2.4597026095984226e-01	   1.5504377204627751e+00	   2.4838252072259599e+00	
   2.8636097185081158e-02	   3.6612452293004161e+01	   2.8789010095781897e+00	   2.4389544063110527e-01	   1.5497850758869025e+00	   2.4751984450975786e+00	
   2.9169558760187959e-02	   3.5970268464843812e+01	   2.8695165207426414e+00	   2.4182568458682166e-01	   1.5491258379460218e+00	   2.4665879388962968e+00	
   2.9712958185773342e-02	   3.5339766714943067e+01	   2.8601388668531156e+00	   2.3976104938724785e-01	   1.5484599741314671e+00	   2.4579938786704902e+00	
   3.0266480593956920e-02	   3.4720733472021237e+01	   2.8507681429406913e+00	   2.3770159200390012e-01	   1.5477874525988800e+00	   2.4494164561135965e+00	
   3.0830314565682769e-02	   3.4112959078245268e+01	   2.8414044452025178e+00	   2.3564736981715001e-01	   1.5471082422043818e+00	   2.4408558645653198e+00	
   3.1404652194967519e-02	   3.3516237706074328e+01	   2.8320478710122732e+00	   2.3359844061369903e-01	   1.5464223125415977e+00	   2.4323122990125410e+00	
   3.1989689154345378e-02	   3.2930367293789743e+01	   2.8226985189306402e+00	   2.3155486258384778e-01	   1.5457296339428372e+00	   2.4237859560898212e+00	
   3.2585624761532261e-02	   3.2355149480369946e+01	   2.8133564887157356e+00	   2.2951669431862642e-01	   1.5450301775224102e+00	   2.4152770340794820e+00	
   3.3192662047331900e-02	   3.1790389527710548e+01	   2.8040218813335369e+00	   2.2748399480667889e-01	   1.5443239151950163e+00	   2.4067857329113735e+00	
   3.3811007824806852e-02	   3.1235896266416411e+01	   2.7946947989682864e+00	   2.2545682343100770e-01	   1.5436108197177287e+00	   2.3983122541621635e+00	
   3.4440872759738235e-02	   3.0691482018037881e+01	   2.7853753450328553e+00	   2.2343523996552800e-01	   1.5428908646934636e+00	   2.3898568010542172e+00	
   3.5082471442397921e-02	   3.0156962544283026e+01	   2.7760636241791130e+00	   2.2141930457138514e-01	   1.5421640246153756e+00	   2.3814195784541035e+00	
   3.5736022460657886e-02	   2.9632156972211334e+01	   2.7667597423081984e+00	   2.1940907779311311e-01	   1.5414302748867950e+00	   2.3730007928705676e+00	
   3.6401748474461412e-02	   2.9116887738395114e+01	   2.7574638065808279e+00	   2.1740462055458018e-01	   1.5406895918646846e+00	   2.3646006524521472e+00	
   3.7079876291681725e-02	   2.8610980532431217e+01	   2.7481759254274891e+00	   2.1540599415469344e-01	   1.5399419528648020e+00	   2.3562193669842539e+00	
   3.7770636945393683e-02	   2.8114264228246526e+01	   2.7388962085586335e+00	   2.1341326026294344e-01	   1.5391873362073294e+00	   2.3478571478858119e+00	
   3.8474265772585059e-02	   2.7626570831015201e+01	   2.7296247669747897e+00	   2.1142648091471083e-01	   1.5384257212383401e+00	   2.3395142082053875e+00	
   3.9191002494334062e-02	   2.7147735423600608e+01	   2.7203617129766426e+00	   2.0944571850630675e-01	   1.5376570883748713e+00	   2.3311907626168780e+00	
   3.9921091297480532e-02	   2.6677596100402798e+01	   2.7111071601749939e+00	   2.0747103578987616e-01	   1.5368814191111317e+00	   2.3228870274145774e+00	
   4.0664780917818583e-02	   2.6215993924241022e+01	   2.7018612235007304e+00	   2.0550249586799857e-01	   1.5360986960657943e+00	   2.3146032205078337e+00	
   4.1422324724838956e-02	   2.5762772861048475e+01	   2.6926240192146587e+00	   2.0354016218808735e-01	   1.5353089030046136e+00	   2.3063395614150957e+00	
   4.2193980808050265e-02	   2.5317779732050276e+01	   2.6833956649172670e+00	   2.0158409853654749e-01	   1.5345120248874460e+00	   2.2980962712574180e+00	
   4.2980012064907966e-02	   2.4880864165497087e+01	   2.6741762795584378e+00	   1.9963436903267762e-01	   1.5337080478747640e+00	   2.2898735727514459e+00	
   4.3780686290381690e-02	   2.4451878536460640e+01	   2.6649659834470070e+00	   1.9769103812235464e-01	   1.5328969593769450e+00	   2.2816716902017582e+00	
   4.4596276268190932e-02	   2.4030677921523719e+01	   2.6557648982602871e+00	   1.9575417057142794e-01	   1.5320787480776517e+00	   2.2734908494926782e+00	
   4.5427059863740453e-02	   2.3617120053137516e+01	   2.6465731470534304e+00	   1.9382383145890142e-01	   1.5312534039832810e+00	   2.2653312780794028e+00	
   4.6273320118786911e-02	   2.3211065261132223e+01	   2.6373908542687277e+00	   1.9190008616980225e-01	   1.5304209184287390e+00	   2.2571932049786434e+00	
   4.7135345347869097e-02	   2.2812376437409103e+01	   2.6282181457447482e+00	   1.8998300038785140e-01	   1.5295812841291587e+00	   2.2490768607584606e+00	
   4.8013429236534524e-02	   2.2420918977696108e+01	   2.6190551487253808e+00	   1.8807264008780838e-01	   1.5287344952036195e+00	   2.2409824775276062e+00	
   4.8907870941395926e-02	   2.2036560741177997e+01	   2.6099019918687443e+00	   1.8616907152756726e-01	   1.5278805472275749e+00	   2.2329102889241139e+00	
   4.9818975192051626e-02	   2.1659172009789245e+01	   2.6007588052559236e+00	   1.8427236123998311e-01	   1.5270194372364816e+00	   2.2248605301032298e+00	
   5.0747052394904686e-02	   2.1288625434316344e+01	   2.5916257203996103e+00	   1.8238257602439836e-01	   1.5261511637807603e+00	   2.2168334377246679e+00	
   5.1692418738916016e-02	   2.0924795996335227e+01	   2.5825028702525548e+00	   1.8049978293788965e-01	   1.5252757269490065e+00	   2.2088292499391495e+00	
   5.2655396303327578e-02	   2.0567560969913902e+01	   2.5733903892158576e+00	   1.7862404928624728e-01	   1.5243931284242445e+00	   2.2008482063741988e+00	
   5.3636313167392397e-02	   2.0216799870196837e+01	   2.5642884131471120e+00	   1.7675544261460213e-01	   1.5235033714837711e+00	   2.1928905481192338e+00	
   5.4635503522148757e-02	   1.9872394417602866e+01	   2.5551970793683463e+00	   1.7489403069783013e-01	   1.5226064610580134e+00	   2.1849565177098755e+00	
   5.5653307784276462e-02	   1.9534228501870558e+01	   2.5461165266737953e+00	   1.7303988153058283e-01	   1.5217024037588425e+00	   2.1770463591114928e+00	
   5.6690072712074338e-02	   1.9202188132848342e+01	   2.5370468953374643e+00	   1.7119306331706641e-01	   1.5207912079092563e+00	   2.1691603177019596e+00	
   5.7746151523598202e-02	   1.8876161408405892e+01	   2.5279883271205099e+00	   1.6935364446046261e-01	   1.5198728835998940e+00	   2.1612986402536123e+00	
   5.8821904016999556e-02	   1.8556038473282815e+01	   2.5189409652783810e+00	   1.6752169355207533e-01	   1.5189474426901952e+00	   2.1534615749143819e+00	
   5.9917696693106190e-02	   1.8241711486782314e+01	   2.5099049545677676e+00	   1.6569727936011708e-01	   1.5180148988672575e+00	   2.1456493711880773e+00	
   6.1033902880286213e-02	   1.7933074577941856e+01	   2.5008804412532970e+00	   1.6388047081822313e-01	   1.5170752676747552e+00	   2.1378622799138194e+00	
   6.2170902861638268e-02	   1.7630023813838626e+01	   2.4918675731140065e+00	   1.6207133701355675e-01	   1.5161285665427842e+00	   2.1301005532446284e+00	
   6.3329084004551145e-02	   1.7332457168007444e+01	   2.4828664994495537e+00	   1.6026994717469112e-01	   1.5151748148450539e+00	   2.1223644446250520e+00	
   6.4508840892676930e-02	   1.7040274477268298e+01	   2.4738773710861781e+00	   1.5847637065904854e-01	   1.5142140338994661e+00	   2.1146542087679583e+00	
   6.5710575460362713e-02	   1.6753377412125502e+01	   2.4649003403823868e+00	   1.5669067694007346e-01	   1.5132462470274626e+00	   2.1069701016303530e+00	
   6.6934697129586607e-02	   1.6471669447353662e+01	   2.4559355612343690e+00	   1.5491293559402586e-01	   1.5122714795826513e+00	   2.0993123803882705e+00	
   6.8181622949444798e-02	   1.6195055820196362e+01	   2.4469831890811107e+00	   1.5314321628644353e-01	   1.5112897589801231e+00	   2.0916813034106836e+00	
   6.9451777738236964e-02	   1.5923443504309724e+01	   2.4380433809092166e+00	   1.5138158875825369e-01	   1.5103011147546830e+00	   2.0840771302324455e+00	
   7.0745594228198788e-02	   1.5656741175203665e+01	   2.4291162952574110e+00	   1.4962812281150148e-01	   1.5093055785586342e+00	   2.0765001215262271e+00	
   7.2063513212930530e-02	   1.5394859184123199e+01	   2.4202020922207410e+00	   1.4788288829476920e-01	   1.5083031842221131e+00	   2.0689505390734024e+00	
   7.3405983697572119e-02	   1.5137709519606261e+01	   2.4113009334544171e+00	   1.4614595508820574e-01	   1.5072939677805197e+00	   2.0614286457339412e+00	
   7.4773463051775887e-02	   1.4885205781689720e+01	   2.4024129821773172e+00	   1.4441739308817636e-01	   1.5062779675021920e+00	   2.0539347054151929e+00	
   7.6166417165528924e-02	   1.4637263156527505e+01	   2.3935384031751448e+00	   1.4269727219159747e-01	   1.5052552239484349e+00	   2.0464689830396079e+00	
   7.7585320607878358e-02	   1.4393798378773264e+01	   2.3846773628032212e+00	   1.4098566227983739e-01	   1.5042257799656111e+00	   2.0390317445113606e+00	
   7.9030656788613485e-02	   1.4154729709300605e+01	   2.3758300289888683e+00	   1.3928263320230005e-01	   1.5031896807472069e+00	   2.0316232566818351e+00	
   8.0502918122959816e-02	   1.3919976904498256e+01	   2.3669965712334333e+00	   1.3758825475958761e-01	   1.5021469738588391e+00	   2.0242437873139760e+00	
   8.2002606199341299e-02	   1.3689461194033669e+01	   2.3581771606138893e+00	   1.3590259668632240e-01	   1.5010977092705606e+00	   2.0168936050454707e+00	
   8.3530231950267791e-02	   1.3463105245941463e+01	   2.3493719697840247e+00	   1.3422572863357207e-01	   1.5000419393826150e+00	   2.0095729793507431e+00	
   8.5086315826405814e-02	   1.3240833145910054e+01	   2.3405811729751957e+00	   1.3255772015088696e-01	   1.4989797190821088e+00	   2.0022821805017417e+00	
   8.6671387973892330e-02	   1.3022570368744244e+01	   2.3318049459966459e+00	   1.3089864066795157e-01	   1.4979111057339229e+00	   1.9950214795275059e+00	
   8.8285988414951500e-02	   1.2808243757805300e+01	   2.3230434662353554e+00	   1.2924855947587374e-01	   1.4968361592389365e+00	   1.9877911481724571e+00	
   8.9930667231876232e-02	   1.2597781492433711e+01	   2.3142969126554327e+00	   1.2760754570806040e-01	   1.4957549420562724e+00	   1.9805914588534517e+00	
   9.1605984754437098e-02	   1.2391113068815539e+01	   2.3055654657970122e+00	   1.2597566832070747e-01	   1.4946675192322110e+00	   1.9734226846155050e+00	
   9.3312511750782506e-02	   1.2188169273396852e+01	   2.2968493077746603e+00	   1.2435299607291302e-01	   1.4935739584222669e+00	   1.9662850990862248e+00	
   9.5050829621895122e-02	   1.1988882163999325e+01	   2.2881486222752692e+00	   1.2273959750638097e-01	   1.4924743299446979e+00	   1.9591789764288843e+00	
   9.6821530599670858e-02	   1.1793185039225259e+01	   2.2794635945554189e+00	   1.2113554092474603e-01	   1.4913687067662824e+00	   1.9521045912941497e+00	
   9.8625217948687838e-02	   1.1601012420921737e+01	   2.2707944114382101e+00	   1.1954089437250304e-01	   1.4902571645570024e+00	   1.9450622187704161e+00	
   1.0046250617173408e-01	   1.1412300029342768e+01	   2.2621412613095253e+00	   1.1795572561353346e-01	   1.4891397817073690e+00	   1.9380521343327304e+00	
   1.0233402121916417e-01	   1.1226984765945270e+01	   2.2535043341137415e+00	   1.1638010210924817e-01	   1.4880166393525562e+00	   1.9310746137902961e+00	
   1.0424040070215564e-01	   1.1045004684441468e+01	   2.2448838213488473e+00	   1.1481409099633544e-01	   1.4868878213886327e+00	   1.9241299332325248e+00	
   1.0618229410993840e-01	   1.0866298974881438e+01	   2.2362799160609463e+00	   1.1325775906411198e-01	   1.4857534145231122e+00	   1.9172183689735887e+00	
   1.0816036303107099e-01	   1.0690807940369439e+01	   2.2276928128381805e+00	   1.1171117273149045e-01	   1.4846135082510630e+00	   1.9103401974955185e+00	
   1.1017528137883868e-01	   1.0518472981564992e+01	   2.2191227078039946e+00	   1.1017439802354419e-01	   1.4834681949064186e+00	   1.9034956953897344e+00	
   1.1222773562085077e-01	   1.0349236569036695e+01	   2.2105697986097672e+00	   1.0864750054769455e-01	   1.4823175696722664e+00	   1.8966851392970607e+00	
   1.1431842501291498e-01	   1.0183042229009105e+01	   2.2020342844267740e+00	   1.0713054546950203e-01	   1.4811617305981981e+00	   1.8899088058461717e+00	
   1.1644806183726861e-01	   1.0019834522674007e+01	   2.1935163659374930e+00	   1.0562359748807536e-01	   1.4800007786163929e+00	   1.8831669715904376e+00	
   1.1861737164524785e-01	   9.8595590262631134e+00	   2.1850162453261941e+00	   1.0412672081109953e-01	   1.4788348175497377e+00	   1.8764599129431607e+00	
   1.2082709350447765e-01	   9.7021623167141797e+00	   2.1765341262688365e+00	   1.0263997912947828e-01	   1.4776639541525227e+00	   1.8697879061111864e+00	
   1.2307798025066652e-01	   9.5475919467739985e+00	   2.1680702139222379e+00	   1.0116343559160729e-01	   1.4764882980790530e+00	   1.8631512270268480e+00	
   1.2537079874409204e-01	   9.3957964317819815e+00	   2.1596247149124999e+00	   9.9697152777263626e-02	   1.4753079619242173e+00	   1.8565501512782303e+00	
   1.2770633013086441e-01	   9.2467252308611911e+00	   2.1511978373226914e+00	   9.8241192671130101e-02	   1.4741230612241059e+00	   1.8499849540377493e+00	
   1.3008537010905713e-01	   9.1003287287571819e+00	   2.1427897906797382e+00	   9.6795616635965837e-02	   1.4729337144629733e+00	   1.8434559099889878e+00	
   1.3250872919979531e-01	   8.9565582227218137e+00	   2.1344007859405503e+00	   9.5360485385398028e-02	   1.4717400430784955e+00	   1.8369632932517954e+00	
   1.3497723302339426e-01	   8.8153658998775306e+00	   2.1260310354773222e+00	   9.3935858956361584e-02	   1.4705421714583633e+00	   1.8305073773056399e+00	
   1.3749172258064196e-01	   8.6767048251179943e+00	   2.1176807530620270e+00	   9.2521796681206692e-02	   1.4693402269705600e+00	   1.8240884349111484e+00	
   1.4005305453932204e-01	   8.5405289239673419e+00	   2.1093501538500692e+00	   9.1118357159451255e-02	   1.4681343399178908e+00	   1.8177067380298544e+00	
   1.4266210152607375e-01	   8.4067929659952920e+00	   2.1010394543630850e+00	   8.9725598229183537e-02	   1.4669246435673993e+00	   1.8113625577421342e+00	
   1.4531975242368961e-01	   8.2754525529515952e+00	   2.0927488724708700e+00	   8.8343576938167800e-02	   1.4657112741376526e+00	   1.8050561641632841e+00	
   1.4802691267395093e-01	   8.1464640979719896e+00	   2.0844786273724436e+00	   8.6972349514597272e-02	   1.4644943707922318e+00	   1.7987878263577377e+00	
   1.5078450458610518e-01	   8.0197848146504747e+00	   2.0762289395761644e+00	   8.5611971337552689e-02	   1.4632740756311273e+00	   1.7925578122514179e+00	
   1.5359346765108978e-01	   7.8953727013792054e+00	   2.0680000308789928e+00	   8.4262496907159534e-02	   1.4620505336798444e+00	   1.7863663885421854e+00	
   1.5645475886160967e-01	   7.7731865261671373e+00	   2.0597921243447659e+00	   8.2923979814428353e-02	   1.4608238928698056e+00	   1.7802138206083746e+00	
   1.5936935303817754e-01	   7.6531858160542097e+00	   2.0516054442815506e+00	   8.1596472710837767e-02	   1.4595943040495980e+00	   1.7741003724154263e+00	
   1.6233824316122791e-01	   7.5353308377764181e+00	   2.0434402162180376e+00	   8.0280027277624483e-02	   1.4583619209246932e+00	   1.7680263064205486e+00	
   1.6536244070941813e-01	   7.4195825880603223e+00	   2.0352966668789327e+00	   7.8974694194820089e-02	   1.4571269000666656e+00	   1.7619918834754686e+00	
   1.6844297600423153e-01	   7.3059027792718449e+00	   2.0271750241593756e+00	   7.7680523110035732e-02	   1.4558894008821925e+00	   1.7559973627271865e+00	
   1.7158089856100048e-01	   7.1942538254763431e+00	   2.0190755170983428e+00	   7.6397562607007391e-02	   1.4546495855873522e+00	   1.7500430015167900e+00	
   1.7477727744646809e-01	   7.0845988331779743e+00	   2.0109983758510199e+00	   7.5125860173917425e-02	   1.4534076191791707e+00	   1.7441290552762696e+00	
   1.7803320164301140e-01	   6.9769015830658718e+00	   2.0029438316601427e+00	   7.3865462171503263e-02	   1.4521636694044424e+00	   1.7382557774233733e+00	
   1.8134978041964955e-01	   6.8711265215970609e+00	   1.9949121168262776e+00	   7.2616413800973792e-02	   1.4509179067190192e+00	   1.7324234192544394e+00	
   1.8472814370996340e-01	   6.7672387477924545e+00	   1.9869034646770478e+00	   7.1378759071744333e-02	   1.4496705042788902e+00	   1.7266322298352803e+00	
   1.8816944249705556e-01	   6.6652040013036586e+00	   1.9789181095352637e+00	   7.0152540769008551e-02	   1.4484216378562005e+00	   1.7208824558900329e+00	
   1.9167484920568151e-01	   6.5649886499442482e+00	   1.9709562866859709e+00	   6.8937800421152023e-02	   1.4471714858274192e+00	   1.7151743416880547e+00	
   1.9524555810168609e-01	   6.4665596813406490e+00	   1.9630182323423804e+00	   6.7734578267054091e-02	   1.4459202291191615e+00	   1.7095081289288094e+00	
   1.9888278569888099e-01	   6.3698846866746468e+00	   1.9551041836106986e+00	   6.6542913223272590e-02	   1.4446680511591568e+00	   1.7038840566247855e+00	
   2.0258777117350171e-01	   6.2749318530851070e+00	   1.9472143784538016e+00	   6.5362842851128145e-02	   1.4434151378240108e+00	   1.6983023609824366e+00	
   2.0636177678638587e-01	   6.1816699518596332e+00	   1.9393490556537851e+00	   6.4194403323723420e-02	   1.4421616773837489e+00	   1.6927632752811725e+00	
   2.1020608831301585e-01	   6.0900683277482717e+00	   1.9315084547733514e+00	   6.3037629392918099e-02	   1.4409078604430885e+00	   1.6872670297503909e+00	
   2.1412201548157295e-01	   6.0000968877705958e+00	   1.9236928161160423e+00	   6.1892554356268857e-02	   1.4396538798729599e+00	   1.6818138514445953e+00	
   2.1811089241915199e-01	   5.9117260938517990e+00	   1.9159023806852813e+00	   6.0759210023966788e-02	   1.4383999307720521e+00	   1.6764039641166077e+00	
   2.2217407810628848e-01	   5.8249269480849328e+00	   1.9081373901422474e+00	   5.9637626685787933e-02	   1.4371462103554768e+00	   1.6710375880888924e+00	
   2.2631295683995295e-01	   5.7396709860514967e+00	   1.9003980867625503e+00	   5.8527833078103872e-02	   1.4358929179124145e+00	   1.6657149401230251e+00	
   2.3052893870517083e-01	   5.6559302662128434e+00	   1.8926847133917066e+00	   5.7429856350941069e-02	   1.4346402547224388e+00	   1.6604362332873623e+00	
   2.3482346005542765e-01	   5.5736773603394703e+00	   1.8849975133994095e+00	   5.6343722035147904e-02	   1.4333884239762735e+00	   1.6552016768229034e+00	
   2.3919798400202397e-01	   5.4928853434177931e+00	   1.8773367306325763e+00	   5.5269454009689842e-02	   1.4321376306930049e+00	   1.6500114760074229e+00	
   2.4365400091254660e-01	   5.4135277873413319e+00	   1.8697026093671978e+00	   5.4207074469083974e-02	   1.4308880816337513e+00	   1.6448658320179099e+00	
   2.4819302891862552e-01	   5.3355787472597855e+00	   1.8620953942589300e+00	   5.3156603891030864e-02	   1.4296399852117514e+00	   1.6397649417913420e+00	
   2.5281661443315007e-01	   5.2590127559130133e+00	   1.8545153302924904e+00	   5.2118061004245375e-02	   1.4283935513988784e+00	   1.6347089978838933e+00	
   2.5752633267712016e-01	   5.1838048140449553e+00	   1.8469626627297990e+00	   5.1091462756546302e-02	   1.4271489916227273e+00	   1.6296981883285904e+00	
   2.6232378821631236e-01	   5.1099303818311252e+00	   1.8394376370568890e+00	   5.0076824283215485e-02	   1.4259065186903919e+00	   1.6247326964915119e+00	
   2.6721061550794351e-01	   5.0373653704617603e+00	   1.8319404989296000e+00	   4.9074158875669141e-02	   1.4246663466456428e+00	   1.6198127009265992e+00	
   2.7218847945751795e-01	   4.9660861332720714e+00	   1.8244714941180005e+00	   4.8083477950486189e-02	   1.4234286906882418e+00	   1.6149383752291366e+00	
   2.7725907598604838e-01	   4.8960694601647532e+00	   1.8170308684496104e+00	   4.7104791018802307e-02	   1.4221937670553473e+00	   1.6101098878880173e+00	
   2.8242413260784344e-01	   4.8272925656488574e+00	   1.8096188677513649e+00	   4.6138105656143617e-02	   1.4209617929065843e+00	   1.6053274021368582e+00	
   2.8768540901905926e-01	   4.7597330838248748e+00	   1.8022357377903584e+00	   4.5183427472705061e-02	   1.4197329862056363e+00	   1.6005910758040656e+00	
   2.9304469769721431e-01	   4.6933690599614311e+00	   1.7948817242133623e+00	   4.4240760084137409e-02	   1.4185075655983337e+00	   1.5959010611619679e+00	
   2.9850382451187307e-01	   4.6281789429547535e+00	   1.7875570724851113e+00	   4.3310105082859721e-02	   1.4172857502873719e+00	   1.5912575047751167e+00	
   3.0406464934670668e-01	   4.5641415779250165e+00	   1.7802620278253847e+00	   4.2391462009970217e-02	   1.4160677599036318e+00	   1.5866605473478645e+00	
   3.0972906673314082e-01	   4.5012361983752172e+00	   1.7729968351448786e+00	   4.1484828327765511e-02	   1.4148538143678795e+00	   1.5821103235713729e+00	
   3.1549900649580870e-01	   4.4394424214471693e+00	   1.7657617389798685e+00	   4.0590199392929786e-02	   1.4136441337821388e+00	   1.5776069619701416e+00	
   3.2137643441002772e-01	   4.3787402371435515e+00	   1.7585569834256991e+00	   3.9707568430440821e-02	   1.4124389382494582e+00	   1.5731505847482516e+00	
   3.2736335287152463e-01	   4.3191100040954398e+00	   1.7513828120690853e+00	   3.8836926508226129e-02	   1.4112384477619997e+00	   1.5687413076354222e+00	
   3.3346180157863642e-01	   4.2605324421042710e+00	   1.7442394679192539e+00	   3.7978262512624712e-02	   1.4100428820488546e+00	   1.5643792397330611e+00	
   3.3967385822722079e-01	   4.2029886255076665e+00	   1.7371271933379344e+00	   3.7131563124703969e-02	   1.4088524604288595e+00	   1.5600644833604842e+00	
   3.4600163921851107e-01	   4.1464599766653878e+00	   1.7300462299682211e+00	   3.6296812797472038e-02	   1.4076674016606416e+00	   1.5557971339014520e+00	
   3.5244730038015859e-01	   4.0909282595632908e+00	   1.7229968186623079e+00	   3.5473993734038610e-02	   1.4064879237901040e+00	   1.5515772796512191e+00	
   3.5901303770070703e-01	   4.0363755730503748e+00	   1.7159791994081395e+00	   3.4663085866780942e-02	   1.4053142439954238e+00	   1.5474050016642917e+00	
   3.6570108807774915e-01	   3.9827843466924611e+00	   1.7089936112549733e+00	   3.3864066837557778e-02	   1.4041465784297453e+00	   1.5432803736030747e+00	
   3.7251373008002114e-01	   3.9301373315345733e+00	   1.7020402922378957e+00	   3.3076911979021684e-02	   1.4029851420617208e+00	   1.5392034615876329e+00	
   3.7945328472369400e-01	   3.8784175963915986e+00	   1.6951194793013038e+00	   3.2301594297089425e-02	   1.4018301485140692e+00	   1.5351743240467697e+00	
   3.8652211626312638e-01	   3.8276085214176065e+00	   1.6882314082213785e+00	   3.1538084454626331e-02	   1.4006818098947202e+00	   1.5311930115706502e+00	
   3.9372263299634813e-01	   3.7776937923731109e+00	   1.6813763135275837e+00	   3.0786350756381163e-02	   1.3995403366554728e+00	   1.5272595667652011e+00	
   4.0105728808554980e-01	   3.7286573949958530e+00	   1.6745544284232103e+00	   3.0046359135240674e-02	   1.3984059373886564e+00	   1.5233740241085307e+00	
   4.0852858039285633e-01	   3.6804836094733391e+00	   1.6677659847049997e+00	   2.9318073139858174e-02	   1.3972788186857725e+00	   1.5195364098096020e+00	
   4.1613905533167089e-01	   3.6331570050150530e+00	   1.6610112126818839e+00	   2.8601453923697971e-02	   1.3961591849621382e+00	   1.5157467416694359e+00	
   4.2389130573387812e-01	   3.5866624341532134e+00	   1.6542903410928633e+00	   2.7896460235570224e-02	   1.3950472382877277e+00	   1.5120050289450855e+00	
   4.3178797273320235e-01	   3.5409850290565985e+00	   1.6476035970240723e+00	   2.7203048411682411e-02	   1.3939431782175051e+00	   1.5083112722166636e+00	
   4.3983174666502262e-01	   3.4961101939533901e+00	   1.6409512058250506e+00	   2.6521172369288790e-02	   1.3928472016215228e+00	   1.5046654632576952e+00	
   4.4802536798294917e-01	   3.4520236017984112e+00	   1.6343333910242843e+00	   2.5850783601991670e-02	   1.3917595025150327e+00	   1.5010675849090751e+00	
   4.5637162819247612e-01	   3.4087111888634594e+00	   1.6277503742440274e+00	   2.5191831176710297e-02	   1.3906802718888940e+00	   1.4975176109569193e+00	
   4.6487337080202568e-01	   3.3661591498711410e+00	   1.6212023751144713e+00	   2.4544261732425382e-02	   1.3896096975405394e+00	   1.4940155060146052e+00	
   4.7353349229171160e-01	   3.3243539332163428e+00	   1.6146896111872959e+00	   2.3908019480709738e-02	   1.3885479639058120e+00	   1.4905612254092886e+00	
   4.8235494310014670e-01	   3.2832822362738971e+00	   1.6082122978486335e+00	   2.3283046208116644e-02	   1.3874952518919375e+00	   1.4871547150732134e+00	
   4.9134072862963618e-01	   3.2429310007906338e+00	   1.6017706482315253e+00	   2.2669281280470729e-02	   1.3864517387119513e+00	   1.4837959114400989e+00	
   5.0049391027009538e-01	   3.2032874080385687e+00	   1.5953648731278829e+00	   2.2066661649103949e-02	   1.3854175977166401e+00	   1.4804847413469260e+00	
   5.0981760644204244e-01	   3.1643388757193422e+00	   1.5889951809000278e+00	   2.1475121859103212e-02	   1.3843929982506480e+00	   1.4772211219414242e+00	
   5.1931499365902123e-01	   3.1260730514774342e+00	   1.5826617773918543e+00	   2.0894594059592812e-02	   1.3833781054649583e+00	   1.4740049605955665e+00	
   5.2898930760981511e-01	   3.0884778101075860e+00	   1.5763648658396701e+00	   2.0325008016113848e-02	   1.3823730801800873e+00	   1.4708361548253792e+00	
   5.3884384426082232e-01	   3.0515412489514664e+00	   1.5701046467827575e+00	   1.9766291125129822e-02	   1.3813780787272192e+00	   1.4677145922173820e+00	
   5.4888196097896713e-01	   3.0152516837656194e+00	   1.5638813179737305e+00	   1.9218368430704562e-02	   1.3803932527979434e+00	   1.4646401503619553e+00	
   5.5910707767552925e-01	   2.9795976446635746e+00	   1.5576950742887352e+00	   1.8681162643387428e-02	   1.3794187492977019e+00	   1.4616126967939342e+00	
   5.6952267797128253e-01	   2.9445678721310831e+00	   1.5515461076375419e+00	   1.8154594161348025e-02	   1.3784547102032321e+00	   1.4586320889407383e+00	
   5.8013231038333779e-01	   2.9101513131128751e+00	   1.5454346068736122e+00	   1.7638581093774811e-02	   1.3775012724243563e+00	   1.4556981740783153e+00	
   5.9093958953409709e-01	   2.8763371171698751e+00	   1.5393607577041766e+00	   1.7133039286583027e-02	   1.3765585676704133e+00	   1.4528107892951998e+00	
   6.0194819738272742e-01	   2.8431146324394927e+00	   1.5333247426004091e+00	   1.6637882350444173e-02	   1.3756267223216858e+00	   1.4499697614649463e+00	
   6.1316188447957753e-01	   2.8104734030431406e+00	   1.5273267407077367e+00	   1.6153021691166405e-02	   1.3747058573061108e+00	   1.4471749072272257e+00	
   6.2458447124396177e-01	   2.7784031636933380e+00	   1.5213669277563704e+00	   1.5678366542436900e-02	   1.3737960879815749e+00	   1.4444260329778320e+00	
   6.3621984926574893e-01	   2.7468938373521672e+00	   1.5154454759721134e+00	   1.5213824000948133e-02	   1.3728975240241377e+00	   1.4417229348678444e+00	
   6.4807198263119714e-01	   2.7159355313952465e+00	   1.5095625539875044e+00	   1.4759299063896690e-02	   1.3720102693224274e+00	   1.4390653988121977e+00	
   6.6014490927348901e-01	   2.6855185341652383e+00	   1.5037183267533829e+00	   1.4314694668887372e-02	   1.3711344218785120e+00	   1.4364532005078643e+00	
   6.7244274234842494e-01	   2.6556333115873154e+00	   1.4979129554509227e+00	   1.3879911736207938e-02	   1.3702700737125293e+00	   1.4338861054618643e+00	
   6.8496967163574474e-01	   2.6262705038455652e+00	   1.4921465974042172e+00	   1.3454849213505298e-02	   1.3694173107898941e+00	   1.4313638690292942e+00	
   6.9772996496655382e-01	   2.5974209221190176e+00	   1.4864194059934779e+00	   1.3039404122818347e-02	   1.3685762129233368e+00	   1.4288862364615511e+00	
   7.1072796967734186e-01	   2.5690755453765166e+00	   1.4807315305689186e+00	   1.2633471609971431e-02	   1.3677468537162583e+00	   1.4264529429648984e+00	
   7.2396811409108763e-01	   2.5412255172291554e+00	   1.4750831163653955e+00	   1.2236944996296311e-02	   1.3669293004960981e+00	   1.4240637137695207e+00	
   7.3745490902595545e-01	   2.5138621428393875e+00	   1.4694743044178651e+00	   1.1849715832656342e-02	   1.3661236142593098e+00	   1.4217182642091832e+00	
   7.5119294933209679e-01	   2.4869768857103356e+00	   1.4639052314777503e+00	   1.1471673955755083e-02	   1.3653298496244499e+00	   1.4194162998115767e+00	
   7.6518691545708251e-01	   2.4605613654397009e+00	   1.4583760299302637e+00	   1.1102707546645487e-02	   1.3645480547934954e+00	   1.4171575163994459e+00	
   7.7944157504049472e-01	   2.4346073536358670e+00	   1.4528868277127767e+00	   1.0742703191455904e-02	   1.3637782715215780e+00	   1.4149416002025177e+00	
   7.9396178453822797e-01	   2.4091067718568118e+00	   1.4474377482342899e+00	   1.0391545944218166e-02	   1.3630205350952311e+00	   1.4127682279802909e+00	
   8.0875249087704537e-01	   2.3840516885723244e+00	   1.4420289102960993e+00	   1.0049119391791572e-02	   1.3622748743192727e+00	   1.4106370671556554e+00	
   8.2381873313996057e-01	   2.3594343163925493e+00	   1.4366604280137067e+00	   9.7153057207773948e-03	   1.3615413115123920e+00	   1.4085477759593414e+00	
   8.3916564428301577e-01	   2.3352470093465603e+00	   1.4313324107400605e+00	   9.3899857863792638e-03	   1.3608198625115162e+00	   1.4065000035851265e+00	
   8.5479845288404088e-01	   2.3114822602100826e+00	   1.4260449629901992e+00	   9.0730391831208238e-03	   1.3601105366849746e+00	   1.4044933903557444e+00	
   8.7072248492399174e-01	   2.2881326978814971e+00	   1.4207981843673669e+00	   8.7643443173371777e-03	   1.3594133369544923e+00	   1.4025275678993732e+00	
   8.8694316560147091e-01	   2.2651910848053225e+00	   1.4155921694906697e+00	   8.4637784813524873e-03	   1.3587282598259913e+00	   1.4006021593365869e+00	
   9.0346602118105301e-01	   2.2426503144422862e+00	   1.4104270079243604e+00	   8.1712179292509398e-03	   1.3580552954291745e+00	   1.3987167794776010e+00	
   9.2029668087604144e-01	   2.2205034087853162e+00	   1.4053027841088084e+00	   7.8865379541291619e-03	   1.3573944275658285e+00	   1.3968710350296325e+00	
   9.3744087876629956e-01	   2.1987435157743267e+00	   1.4002195772932391e+00	   7.6096129667365823e-03	   1.3567456337645529e+00	   1.3950645248141682e+00	
   9.5490445575180827e-01	   2.1773639075133584e+00	   1.3951774614703132e+00	   7.3403165753765228e-03	   1.3561088853555407e+00	   1.3932968399938828e+00	
   9.7269336154261732e-01	   2.1563579769562899e+00	   1.3901765053126165e+00	   7.0785216669662513e-03	   1.3554841475297990e+00	   1.3915675643089644e+00	
   9.9081365668586707e-01	   2.1357192362749196e+00	   1.3852167721111446e+00	   6.8241004891141793e-03	   1.3548713794316223e+00	   1.3898762743225441e+00	
   1.0092715146305709e+00	   2.1154413144136766e+00	   1.3802983197158414e+00	   6.5769247330955500e-03	   1.3542705342460857e+00	   1.3882225396749031e+00	
   1.0280732238308647e+00	   2.0955179548647918e+00	   1.3754212004782826e+00	   6.3368656176035053e-03	   1.3536815592971589e+00	   1.3866059233461363e+00	
   1.0472251898884344e+00	   2.0759430134841725e+00	   1.3705854611965631e+00	   6.1037939731216316e-03	   1.3531043961534917e+00	   1.3850259819268864e+00	
   1.0667339377348570e+00	   2.0567104563473486e+00	   1.3657911430624781e+00	   5.8775803267839067e-03	   1.3525389807416353e+00	   1.3834822658967616e+00	
   1.0866061138545968e+00	   2.0378143576447796e+00	   1.3610382816110587e+00	   5.6580949875935710e-03	   1.3519852434664246e+00	   1.3819743199100378e+00	
   1.1068484885494119e+00	   2.0192488976159444e+00	   1.3563269066725476e+00	   5.4452081318248401e-03	   1.3514431093382648e+00	   1.3805016830881884e+00	
   1.1274679582449461e+00	   2.0010083605215385e+00	   1.3516570423268872e+00	   5.2387898884909290e-03	   1.3509124981070131e+00	   1.3790638893188143e+00	
   1.1484715478402889e+00	   1.9830871326531911e+00	   1.3470287068607896e+00	   5.0387104247023896e-03	   1.3503933244021404e+00	   1.3776604675604687e+00	
   1.1698664131013070e+00	   1.9654797003801505e+00	   1.3424419127274743e+00	   4.8448400307884790e-03	   1.3498854978788632e+00	   1.3762909421529197e+00	
   1.1916598430985588e+00	   1.9481806482322732e+00	   1.3378966665091339e+00	   4.6570492050026363e-03	   1.3493889233698741e+00	   1.3749548331323223e+00	
   1.2138592626906277e+00	   1.9311846570188493e+00	   1.3333929688822177e+00	   4.4752087376780042e-03	   1.3489035010423529e+00	   1.3736516565507781e+00	
   1.2364722350537150e+00	   1.9144865018934958e+00	   1.3289308145855991e+00	   4.2991897946806530e-03	   1.3484291265598438e+00	   1.3723809247997725e+00	
   1.2595064642583575e+00	   1.8980810509157142e+00	   1.3245101923916911e+00	   4.1288639999958092e-03	   1.3479656912486626e+00	   1.3711421469369014e+00	
   1.2829697978941474e+00	   1.8819632626871883e+00	   1.3201310850806056e+00	   3.9641035173073724e-03	   1.3475130822684269e+00	   1.3699348290153850e+00	
   1.3068702297433463e+00	   1.8661281850201181e+00	   1.3157934694174089e+00	   3.8047811304212156e-03	   1.3470711827863078e+00	   1.3687584744157586e+00	
   1.3312159025043078e+00	   1.8505709531180259e+00	   1.3114973161325438e+00	   3.6507703223821637e-03	   1.3466398721546204e+00	   1.3676125841792046e+00	
   1.3560151105656333e+00	   1.8352867878981034e+00	   1.3072425899055040e+00	   3.5019453531500476e-03	   1.3462190260913358e+00	   1.3664966573419348e+00	
   1.3812763028320094e+00	   1.8202709943458468e+00	   1.3030292493518094e+00	   3.3581813356786008e-03	   1.3458085168630987e+00	   1.3654101912700585e+00	
   1.4070080856026850e+00	   1.8055189599013151e+00	   1.2988572470133568e+00	   3.2193543102914642e-03	   1.3454082134703669e+00	   1.3643526819943523e+00	
   1.4332192255035738e+00	   1.7910261528766926e+00	   1.2947265293522119e+00	   3.0853413171810905e-03	   1.3450179818331112e+00	   1.3633236245443696e+00	
   1.4599186524739787e+00	   1.7767881209046315e+00	   1.2906370367478954e+00	   2.9560204669674332e-03	   1.3446376849836028e+00	   1.3623225132812982e+00	
   1.4871154628089538e+00	   1.7628004894169484e+00	   1.2865887034982313e+00	   2.8312710091123183e-03	   1.3442671832480269e+00	   1.3613488422290370e+00	
   1.5148189222583457e+00	   1.7490589601532778e+00	   1.2825814578237977e+00	   2.7109733981756055e-03	   1.3439063344411313e+00	   1.3604021054028861e+00	
   1.5430384691835646e+00	   1.7355593096991773e+00	   1.2786152218760500e+00	   2.5950093577091732e-03	   1.3435549940543947e+00	   1.3594817971353401e+00	
   1.5717837177731628e+00	   1.7222973880533208e+00	   1.2746899117491497e+00	   2.4832619417651611e-03	   1.3432130154452531e+00	   1.3585874123984272e+00	
   1.6010644613183178e+00	   1.7092691172233665e+00	   1.2708054374955520e+00	   2.3756155938640744e-03	   1.3428802500256414e+00	   1.3577184471220660e+00	
   1.6308906755493326e+00	   1.6964704898500504e+00	   1.2669617031453821e+00	   2.2719562033935124e-03	   1.3425565474494650e+00	   1.3568743985079297e+00	
   1.6612725220342930e+00	   1.6838975678591361e+00	   1.2631586067296476e+00	   2.1721711593118429e-03	   1.3422417557986475e+00	   1.3560547653383226e+00	
   1.6922203516410372e+00	   1.6715464810866500e+00	   1.2593960403073077e+00	   2.0761494011078568e-03	   1.3419357217673942e+00	   1.3552590482795854e+00	
   1.7237447080636199e+00	   1.6594134262115947e+00	   1.2556738899962132e+00	   1.9837814669684743e-03	   1.3416382908443427e+00	   1.3544867501795490e+00	
   1.7558563314144688e+00	   1.6474946651333240e+00	   1.2519920360079766e+00	   1.8949595390628769e-03	   1.3413493074922738e+00	   1.3537373763586296e+00	
   1.7885661618834618e+00	   1.6357865239802705e+00	   1.2483503526867255e+00	   1.8095774859389901e-03	   1.3410686153250644e+00	   1.3530104348940937e+00	
   1.8218853434651670e+00	   1.6242853918292470e+00	   1.2447487085518014e+00	   1.7275309019696733e-03	   1.3407960572815973e+00	   1.3523054368971332e+00	
   1.8558252277555189e+00	   1.6129877195161060e+00	   1.2411869663443629e+00	   1.6487171438299805e-03	   1.3405314757963318e+00	   1.3516218967823495e+00	
   1.8903973778192213e+00	   1.6018900184714879e+00	   1.2376649830779216e+00	   1.5730353639881332e-03	   1.3402747129662900e+00	   1.3509593325292781e+00	
   1.9256135721291987e+00	   1.5909888595812660e+00	   1.2341826100927582e+00	   1.5003865411851258e-03	   1.3400256107142048e+00	   1.3503172659356653e+00	
   1.9614858085794313e+00	   1.5802808720712920e+00	   1.2307396931142438e+00	   1.4306735079370645e-03	   1.3397840109475745e+00	   1.3496952228621315e+00	
   1.9980263085725507e+00	   1.5697627424160674e+00	   1.2273360723149969e+00	   1.3638009750131187e-03	   1.3395497557134557e+00	   1.3490927334679970e+00	
   2.0352475211835777e+00	   1.5594312132709196e+00	   1.2239715823808661e+00	   1.2996755529476631e-03	   1.3393226873487656e+00	   1.3485093324379720e+00	
   2.0731621274012313e+00	   1.5492830824273238e+00	   1.2206460525806941e+00	   1.2382057705937418e-03	   1.3391026486259103e+00	   1.3479445591994992e+00	
   2.1117830444482442e+00	   1.5393152017909666e+00	   1.2173593068397974e+00	   1.1793020907482183e-03	   1.3388894828936180e+00	   1.3473979581305560e+00	
   2.1511234301821673e+00	   1.5295244763821603e+00	   1.2141111638171307e+00	   1.1228769228704427e-03	   1.3386830342127911e+00	   1.3468690787577215e+00	
   2.1911966875781497e+00	   1.5199078633582048e+00	   1.2109014369860414e+00	   1.0688446329746050e-03	   1.3384831474872665e+00	   1.3463574759443706e+00	
   2.2320164692952345e+00	   1.5104623710573062e+00	   1.2077299347185708e+00	   1.0171215507163785e-03	   1.3382896685894028e+00	   1.3458627100688680e+00	
   2.2735966823277174e+00	   1.5011850580636497e+00	   1.2045964603732016e+00	   9.6762597373916326e-04	   1.3381024444803526e+00	   1.3453843471926781e+00	
   2.3159514927431544e+00	   1.4920730322932452e+00	   1.2015008123859749e+00	   9.2027816935296098e-04	   1.3379213233249969e+00	   1.3449219592182964e+00	
   2.3590953305086364e+00	   1.4831234501001056e+00	   1.1984427843648788e+00	   8.7500037360053117e-04	   1.3377461546014586e+00	   1.3444751240369921e+00	
   2.4030428944069695e+00	   1.4743335154023995e+00	   1.1954221651874226e+00	   8.3171678781446701e-04	   1.3375767892051522e+00	   1.3440434256663076e+00	
   2.4478091570444427e+00	   1.4657004788281411e+00	   1.1924387391012616e+00	   7.9035357269730737e-04	   1.3374130795473624e+00	   1.3436264543773513e+00	
   2.4934093699518804e+00	   1.4572216368539410e+00	   1.1894922858277863e+00	   7.5083884005969030e-04	   1.3372548796479662e+00	   1.3432238068118922e+00	
   2.5398590687807268e+00	   1.4488943310974305e+00	   1.1865825806685468e+00	   7.1310264226969356e-04	   1.3371020452245785e+00	   1.3428350860893234e+00	
   2.5871740785959236e+00	   1.4407159473483013e+00	   1.1837093946143842e+00	   6.7707695952370645e-04	   1.3369544337722530e+00	   1.3424599019035621e+00	
   2.6353705192673957e+00	   1.4326839149077408e+00	   1.1808724944571378e+00	   6.4269568502201371e-04	   1.3368119046419116e+00	   1.3420978706099860e+00	
   2.6844648109619653e+00	   1.4247957057942087e+00	   1.1780716429038072e+00	   6.0989460816764031e-04	   1.3366743191112103e+00	   1.3417486153025278e+00	
   2.7344736797375826e+00	   1.4170488339978977e+00	   1.1753065986930074e+00	   5.7861139584099901e-04	   1.3365415404505459e+00	   1.3414117658810603e+00	
   2.7854141632417662e+00	   1.4094408547518686e+00	   1.1725771167135917e+00	   5.4878557192491030e-04	   1.3364134339837974e+00	   1.3410869591092320e+00	
   2.8373036165162113e+00	   1.4019693638194950e+00	   1.1698829481252846e+00	   5.2035849510907370e-04	   1.3362898671438996e+00	   1.3407738386629273e+00	
   2.8901597179095084e+00	   1.3946319967977951e+00	   1.1672238404811703e+00	   4.9327333512625066e-04	   1.3361707095233386e+00	   1.3404720551695370e+00	
   2.9440004751000339e+00	   1.3874264284362385e+00	   1.1645995378518921e+00	   4.6747504750132424e-04	   1.3360558329196432e+00	   1.3401812662382659e+00	
   2.9988442312310277e+00	   1.3803503719706800e+00	   1.1620097809514076e+00	   4.4291034694106857e-04	   1.3359451113760372e+00	   1.3399011364816573e+00	
   3.0547096711599684e+00	   1.3734015784719393e+00	   1.1594543072641152e+00	   4.1952767943686934e-04	   1.3358384212173005e+00	   1.3396313375286202e+00	
   3.1116158278243597e+00	   1.3665778362087171e+00	   1.1569328511732313e+00	   3.9727719318841532e-04	   1.3357356410810199e+00	   1.3393715480291617e+00	
   3.1695820887261150e+00	   1.3598769700244118e+00	   1.1544451440902244e+00	   3.7611070850192838e-04	   1.3356366519443250e+00	   1.3391214536511102e+00	
   3.2286282025367301e+00	   1.3532968407274484e+00	   1.1519909145851555e+00	   3.5598168669706402e-04	   1.3355413371462797e+00	   1.3388807470690678e+00	
   3.2887742858255100e+00	   1.3468353444947756e+00	   1.1495698885177648e+00	   3.3684519814047685e-04	   1.3354495824060171e+00	   1.3386491279459110e+00	
   3.3500408299131328e+00	   1.3404904122881098e+00	   1.1471817891691454e+00	   3.1865788954453631e-04	   1.3353612758368176e+00	   1.3384263029070680e+00	
   3.4124487078528896e+00	   1.3342600092825976e+00	   1.1448263373738246e+00	   3.0137795056998392e-04	   1.3352763079562626e+00	   1.3382119855079029e+00	
   3.4760191815419774e+00	   1.3281421343074917e+00	   1.1425032516521165e+00	   2.8496507986444408e-04	   1.3351945716925797e+00	   1.3380058961944881e+00	
   3.5407739089652699e+00	   1.3221348192985247e+00	   1.1402122483425734e+00	   2.6938045060898350e-04	   1.3351159623874147e+00	   1.3378077622580582e+00	
   3.6067349515740279e+00	   1.3162361287615971e+00	   1.1379530417343766e+00	   2.5458667566229662e-04	   1.3350403777950857e+00	   1.3376173177834414e+00	
   3.6739247818020742e+00	   1.3104441592474323e+00	   1.1357253441995265e+00	   2.4054777240752021e-04	   1.3349677180785628e+00	   1.3374343035918017e+00	
   3.7423662907219808e+00	   1.3047570388369079e+00	   1.1335288663246670e+00	   2.2722912734815398e-04	   1.3348978858022860e+00	   1.3372584671779548e+00	
   3.8120827958438879e+00	   1.2991729266366638e+00	   1.1313633170423987e+00	   2.1459746055403815e-04	   1.3348307859219959e+00	   1.3370895626425943e+00	
   3.8830980490596052e+00	   1.2936900122847188e+00	   1.1292284037619438e+00	   2.0262079003989471e-04	   1.3347663257717186e+00	   1.3369273506197168e+00	
   3.9554362447347016e+00	   1.2883065154657671e+00	   1.1271238324990089e+00	   1.9126839612330923e-04	   1.3347044150480949e+00	   1.3367715981995512e+00	
   4.0291220279513480e+00	   1.2830206854358333e+00	   1.1250493080047210e+00	   1.8051078585985044e-04	   1.3346449657921613e+00	   1.3366220788472953e+00	
   4.1041805029047094e+00	   1.2778308005467975e+00	   1.1230045338934898e+00	   1.7031965758670532e-04	   1.3345878923687977e+00	   1.3364785723179511e+00	
   4.1806372414557575e+00	   1.2727351678272534e+00	   1.1209892127696879e+00	   1.6066786565123412e-04	   1.3345331114439301e+00	   1.3363408645675583e+00	
   4.2585182918434148e+00	   1.2677321224734825e+00	   1.1190030463529985e+00	   1.5152938541666006e-04	   1.3344805419596792e+00	   1.3362087476611022e+00	
   4.3378501875589892e+00	   1.2628200274506363e+00	   1.1170457356023409e+00	   1.4287927851787651e-04	   1.3344301051076062e+00	   1.3360820196774006e+00	
   4.4186599563859410e+00	   1.2579972730489273e+00	   1.1151169808382342e+00	   1.3469365850774499e-04	   1.3343817243001648e+00	   1.3359604846112170e+00	
   4.5009751296080465e+00	   1.2532622764585504e+00	   1.1132164818635102e+00	   1.2694965686188943e-04	   1.3343353251405217e+00	   1.3358439522729049e+00	
   4.5848237513890959e+00	   1.2486134813521033e+00	   1.1113439380822607e+00	   1.1962538944355231e-04	   1.3342908353908884e+00	   1.3357322381858179e+00	
   4.6702343883273354e+00	   1.2440493574742266e+00	   1.1094990486169307e+00	   1.1269992344849658e-04	   1.3342481849394940e+00	   1.3356251634817600e+00	
   4.7572361391878895e+00	   1.2395684002382170e+00	   1.1076815124234558e+00	   1.0615324484231337e-04	   1.3342073057663120e+00	   1.3355225547947243e+00	
   4.8458586448164960e+00	   1.2351691303295027e+00	   1.1058910284043699e+00	   9.9966226346422858e-05	   1.3341681319076748e+00	   1.3354242441531576e+00	
   4.9361320982379171e+00	   1.2308500933156119e+00	   1.1041272955197829e+00	   9.4120596030784285e-05	   1.3341305994199328e+00	   1.3353300688709824e+00	
   5.0280872549424807e+00	   1.2266098592625803e+00	   1.1023900128961874e+00	   8.8598906464161051e-05	   1.3340946463421939e+00	   1.3352398714376108e+00	
   5.1217554433642416e+00	   1.2224470223575181e+00	   1.1006788799329865e+00	   8.3384504523444818e-05	   1.3340602126583498e+00	   1.3351534994071608e+00	
   5.2171685755543491e+00	   1.2183602005371732e+00	   1.0989935964067035e+00	   7.8461501824431557e-05	   1.3340272402584190e+00	   1.3350708052870843e+00	
   5.3143591580532412e+00	   1.2143480351223253e+00	   1.0973338625728142e+00	   7.3814745832482534e-05	   1.3339956728993627e+00	   1.3349916464263996e+00	
   5.4133603029653816e+00	   1.2104091904578416e+00	   1.0956993792651395e+00	   6.9429791639008079e-05	   1.3339654561654379e+00	   1.3349158849037437e+00	
   5.5142057392403023e+00	   1.2065423535582149e+00	   1.0940898479927594e+00	   6.5292874443222257e-05	   1.3339365374281535e+00	   1.3348433874153758e+00	
   5.6169298241638099e+00	   1.2027462337584518e+00	   1.0925049710344077e+00	   6.1390882729983422e-05	   1.3339088658062366e+00	   1.3347740251633766e+00	
   5.7215675550632517e+00	   1.1990195623701627e+00	   1.0909444515303064e+00	   5.7711332125481079e-05	   1.3338823921248251e+00	   1.3347076737441237e+00	
   5.8281545812308462e+00	   1.1953610923427020e+00	   1.0894079935714125e+00	   5.4242340015843524e-05	   1.3338570688751827e+00	   1.3346442130372738e+00	
   5.9367272160691265e+00	   1.1917695979292446e+00	   1.0878953022860511e+00	   5.0972600861187424e-05	   1.3338328501740713e+00	   1.3345835270953379e+00	
   6.0473224494626487e+00	   1.1882438743576653e+00	   1.0864060839239202e+00	   4.7891362197235480e-05	   1.3338096917232218e+00	   1.3345255040340316e+00	
   6.1599779603801688e+00	   1.1847827375061100e+00	   1.0849400459374374e+00	   4.4988401416630157e-05	   1.3337875507689430e+00	   1.3344700359234931e+00	
   6.2747321297115812e+00	   1.1813850235831262e+00	   1.0834968970604271e+00	   4.2254003198997212e-05	   1.3337663860618902e+00	   1.3344170186805120e+00	
   6.3916240533440050e+00	   1.1780495888122955e+00	   1.0820763473841488e+00	   3.9678937717694470e-05	   1.3337461578170804e+00	   1.3343663519618723e+00	
   6.5106935554814616e+00	   1.1747753091212014e+00	   1.0806781084306478e+00	   3.7254439482115738e-05	   1.3337268276741967e+00	   1.3343179390589013e+00	
   6.6319812022126756e+00	   1.1715610798346929e+00	   1.0793018932234386e+00	   3.4972186954577236e-05	   1.3337083586582297e+00	   1.3342716867933462e+00	
   6.7555283153316461e+00	   1.1684058153723496e+00	   1.0779474163555309e+00	   3.2824282794443424e-05	   1.3336907151405184e+00	   1.3342275054146440e+00	
   6.8813769864156704e+00	   1.1653084489500136e+00	   1.0766143940548056e+00	   3.0803234810078868e-05	   1.3336738628002189e+00	   1.3341853084986601e+00	
   7.0095700911656253e+00	   1.1622679322853893e+00	   1.0753025442467476e+00	   2.8901937619157815e-05	   1.3336577685862514e+00	   1.3341450128479988e+00	
   7.1401513040134033e+00	   1.1592832353075495e+00	   1.0740115866145592e+00	   2.7113654909376844e-05	   1.3336424006797400e+00	   1.3341065383939117e+00	
   7.2731651130014612e+00	   1.1563533458703799e+00	   1.0727412426566738e+00	   2.5432002355033299e-05	   1.3336277284570202e+00	   1.3340698080998965e+00	
   7.4086568349395678e+00	   1.1534772694697573e+00	   1.0714912357416961e+00	   2.3850931275354447e-05	   1.3336137224532008e+00	   1.3340347478670098e+00	
   7.5466726308438945e+00	   1.1506540289645804e+00	   1.0702612911607827e+00	   2.2364712737309857e-05	   1.3336003543263228e+00	   1.3340012864409689e+00	
   7.6872595216637354e+00	   1.1478826643013793e+00	   1.0690511361775088e+00	   2.0967922441005569e-05	   1.3335875968221609e+00	   1.3339693553210563e+00	
   7.8304654043011830e+00	   1.1451622322426791e+00	   1.0678605000752401e+00	   1.9655426095234590e-05	   1.3335754237396376e+00	   1.3339388886708723e+00	
   7.9763390679292732e+00	   1.1424918060964107e+00	   1.0666891142020516e+00	   1.8422365404472584e-05	   1.3335638098969318e+00	   1.3339098232309710e+00	
   8.1249302106140480e+00	   1.1398704754614655e+00	   1.0655367120132233e+00	   1.7264144669586236e-05	   1.3335527310982467e+00	   1.3338820982333870e+00	
   8.2762894562463440e+00	   1.1372973459508331e+00	   1.0644030291113540e+00	   1.6176417848888291e-05	   1.3335421641012615e+00	   1.3338556553180829e+00	
   8.4304683717889670e+00	   1.1347715389449236e+00	   1.0632878032841329e+00	   1.5155076241193290e-05	   1.3335320865853073e+00	   1.3338304384513291e+00	
   8.5875194848451706e+00	   1.1322921913344541e+00	   1.0621907745398191e+00	   1.4196236627145496e-05	   1.3335224771202390e+00	   1.3338063938460241e+00	
   8.7474963015544152e+00	   1.1298584552695763e+00	   1.0611116851404501e+00	   1.3296229996706248e-05	   1.3335133151360288e+00	   1.3337834698839544e+00	
   8.9104533248215123e+00	   1.1274694979123137e+00	   1.0600502796328544e+00	   1.2451590659185580e-05	   1.3335045808930777e+00	   1.3337616170400077e+00	
   9.0764460728853571e+00	   1.1251245011922868e+00	   1.0590063048774758e+00	   1.1659045920113196e-05	   1.3334962554532610e+00	   1.3337407878083232e+00	
   9.2455310982335703e+00	   1.1228226615657033e+00	   1.0579795100751075e+00	   1.0915506175355562e-05	   1.3334883206516974e+00	   1.3337209366303846e+00	
   9.4177660068695186e+00	   1.1205631897775667e+00	   1.0569696467915308e+00	   1.0218055452661082e-05	   1.3334807590692455e+00	   1.3337020198250369e+00	
   9.5932094779382417e+00	   1.1183453106270491e+00	   1.0559764689801427e+00	   9.5639423942847753e-06	   1.3334735540057234e+00	   1.3336839955204167e+00	
   9.7719212837179974e+00	   1.1161682627360499e+00	   1.0549997330026113e+00	   8.9505716438777456e-06	   1.3334666894538516e+00	   1.3336668235877875e+00	
   9.9539623099842345e+00	   1.1140312983208664e+00	   1.0540391976476009e+00	   8.3754956415858489e-06	   1.3334601500739267e+00	   1.3336504655772570e+00	
   1.0139394576752917e+01	   1.1119336829669604e+00	   1.0530946241476313e+00	   7.8364067710957928e-06	   1.3334539211691845e+00	   1.3336348846553452e+00	
   1.0328281259410286e+01	   1.1098746954068099e+00	   1.0521657761941141e+00	   7.3311299427429499e-06	   1.3334479886618980e+00	   1.3336200455444156e+00	
   1.0520686710236228e+01	   1.1078536273007908e+00	   1.0512524199506195e+00	   6.8576154515900419e-06	   1.3334423390701409e+00	   1.3336059144638952e+00	
   1.0716676480328633e+01	   1.1058697830210886e+00	   1.0503543240644191e+00	   6.4139322546624086e-06	   1.3334369594852853e+00	   1.3335924590733044e+00	
   1.0916317341936148e+01	   1.1039224794385802e+00	   1.0494712596763669e+00	   5.9982615080612375e-06	   1.3334318375501399e+00	   1.3335796484170350e+00	
   1.1119677311206988e+01	   1.1020110457127084e+00	   1.0486030004291533e+00	   5.6088904549813343e-06	   1.3334269614377894e+00	   1.3335674528708774e+00	
   1.1326825671361537e+01	   1.1001348230842796e+00	   1.0477493224740062e+00	   5.2442066464533493e-06	   1.3334223198310784e+00	   1.3335558440902298e+00	
   1.1537832996296608e+01	   1.0982931646711813e+00	   1.0469100044758721e+00	   4.9026923840430742e-06	   1.3334179019027628e+00	   1.3335447949599966e+00	
   1.1752771174629451e+01	   1.0964854352669944e+00	   1.0460848276171146e+00	   4.5829194654679971e-06	   1.3334136972962787e+00	   1.3335342795461136e+00	
   1.1971713434189668e+01	   1.0947110111424927e+00	   1.0452735755998293e+00	   4.2835442307437621e-06	   1.3334096961071646e+00	   1.3335242730486905e+00	
   1.2194734366967383e+01	   1.0929692798499198e+00	   1.0444760346467654e+00	   4.0033028475140814e-06	   1.3334058888650764e+00	   1.3335147517567105e+00	
   1.2421909954526175e+01	   1.0912596400301766e+00	   1.0436919935009445e+00	   3.7410067520600184e-06	   1.3334022665164200e+00	   1.3335056930042808e+00	
   1.2653317593889430e+01	   1.0895815012227348e+00	   1.0429212434240076e+00	   3.4955384905872792e-06	   1.3333988204075624e+00	   1.3334970751283768e+00	
   1.2889036123908928e+01	   1.0879342836783630e+00	   1.0421635781933427e+00	   3.2658476353889629e-06	   1.3333955422686308e+00	   1.3334888774280567e+00	
   1.3129145852124653e+01	   1.0863174181745596e+00	   1.0414187940980335e+00	   3.0509469669191872e-06	   1.3333924241978614e+00	   1.3334810801251058e+00	
   1.3373728582124963e+01	   1.0847303458337634e+00	   1.0406866899336935e+00	   2.8499088769044639e-06	   1.3333894586465138e+00	   1.3334736643260754e+00	
   1.3622867641416468e+01	   1.0831725179442198e+00	   1.0399670669962053e+00	   2.6618619373120344e-06	   1.3333866384042985e+00	   1.3334666119856877e+00	
   1.3876647909813085e+01	   1.0816433957835210e+00	   1.0392597290744316e+00	   2.4859876431538845e-06	   1.3333839565853602e+00	   1.3334599058715544e+00	
   1.4135155848353957e+01	   1.0801424504448605e+00	   1.0385644824419336e+00	   2.3215173506398840e-06	   1.3333814066147291e+00	   1.3334535295301924e+00	
   1.4398479528760081e+01	   1.0786691626658098e+00	   1.0378811358477378e+00	   2.1677294067630426e-06	   1.3333789822153024e+00	   1.3334474672542842e+00	
   1.4666708663439685e+01	   1.0772230226597992e+00	   1.0372095005061992e+00	   2.0239463405696709e-06	   1.3333766773952893e+00	   1.3334417040511661e+00	
   1.4939934636052577e+01	   1.0758035299501016e+00	   1.0365493900859963e+00	   1.8895323464016887e-06	   1.3333744864361217e+00	   1.3334362256124854e+00	
   1.5218250532643870e+01	   1.0744101932064298e+00	   1.0359006206983057e+00	   1.7638907779406170e-06	   1.3333724038808330e+00	   1.3334310182850164e+00	
   1.5501751173357704e+01	   1.0730425300840034e+00	   1.0352630108841954e+00	   1.6464618467089978e-06	   1.3333704245228652e+00	   1.3334260690425814e+00	
   1.5790533144741758e+01	   1.0717000670651569e+00	   1.0346363816012591e+00	   1.5367204584100020e-06	   1.3333685433953131e+00	   1.3334213654590525e+00	
   1.6084694832653568e+01	   1.0703823393034115e+00	   1.0340205562095548e+00	   1.4341741320938254e-06	   1.3333667557605666e+00	   1.3334168956824082e+00	
   1.6384336455779849e+01	   1.0690888904699962e+00	   1.0334153604568714e+00	   1.3383610363247419e-06	   1.3333650571003812e+00	   1.3334126484097844e+00	
   1.6689560099780248e+01	   1.0678192726027955e+00	   1.0328206224633563e+00	   1.2488481562262438e-06	   1.3333634431063184e+00	   1.3334086128635290e+00	
   1.7000469752067183e+01	   1.0665730459577234e+00	   1.0322361727055445e+00	   1.1652296193593313e-06	   1.3333619096705618e+00	   1.3334047787681753e+00	
   1.7317171337233546e+01	   1.0653497788624233e+00	   1.0316618439998162e+00	   1.0871249697821100e-06	   1.3333604528771159e+00	   1.3334011363283647e+00	
   1.7639772753140452e+01	   1.0641490475723201e+00	   1.0310974714853436e+00	   1.0141776944736758e-06	   1.3333590689933277e+00	   1.3333976762076334e+00	
   1.7968383907677211e+01	   1.0629704361290846e+00	   1.0305428926065092e+00	   9.4605374261660404e-07	   1.3333577544617838e+00	   1.3333943895080624e+00	
   1.8303116756206130e+01	   1.0618135362212433e+00	   1.0299979470948619e+00	   8.8244015701030320e-07	   1.3333565058925101e+00	   1.3333912677507591e+00	
   1.8644085339704873e+01	   1.0606779470471852e+00	   1.0294624769506466e+00	   8.2304379577000636e-07	   1.3333553200555008e+00	   1.3333883028571274e+00	
   1.8991405823619356e+01	   1.0595632751803414e+00	   1.0289363264239220e+00	   7.6759012045508742e-07	   1.3333541938735454e+00	   1.3333854871309190e+00	
   1.9345196537440462e+01	   1.0584691344366060e+00	   1.0284193419952690e+00	   7.1582204028941094e-07	   1.3333531244153676e+00	   1.3333828132410199e+00	
   1.9705578015018006e+01	   1.0573951457439563e+00	   1.0279113723561926e+00	   6.6749884789433192e-07	   1.3333521088890339e+00	   1.3333802742049596e+00	
   2.0072673035625705e+01	   1.0563409370141597e+00	   1.0274122683891591e+00	   6.2239518604477244e-07	   1.3333511446356396e+00	   1.3333778633731017e+00	
   2.0446606665791180e+01	   1.0553061430167707e+00	   1.0269218831473361e+00	   5.8030015925436878e-07	   1.3333502291232711e+00	   1.3333755744135092e+00	
   2.0827506301905164e+01	   1.0542904052550557e+00	   1.0264400718340798e+00	   5.4101633979316807e-07	   1.3333493599412101e+00	   1.3333734012974494e+00	
   2.1215501713624523e+01	   1.0532933718441266e+00	   1.0259666917821431e+00	   5.0435901360275020e-07	   1.3333485347943896e+00	   1.3333713382855006e+00	
   2.1610725088083765e+01	   1.0523146973910815e+00	   1.0255016024326593e+00	   4.7015532711676398e-07	   1.3333477514980867e+00	   1.3333693799142785e+00	
   2.2013311074930300e+01	   1.0513540428771675e+00	   1.0250446653139329e+00	   4.3824360012387848e-07	   1.3333470079728393e+00	   1.3333675209837061e+00	
   2.2423396832198449e+01	   1.0504110755417109e+00	   1.0245957440200411e+00	   4.0847257992769287e-07	   1.3333463022395906e+00	   1.3333657565448518e+00	
   2.2841122073038235e+01	   1.0494854687693274e+00	   1.0241547041892380e+00	   3.8070077173694366e-07	   1.3333456324150377e+00	   1.3333640818882886e+00	
   2.3266629113314579e+01	   1.0485769019763698e+00	   1.0237214134822656e+00	   3.5479589352669060e-07	   1.3333449967071684e+00	   1.3333624925329544e+00	
   2.3700062920093281e+01	   1.0476850605020567e+00	   1.0232957415605026e+00	   3.3063426166847421e-07	   1.3333443934110270e+00	   1.3333609842155101e+00	
   2.4141571161030178e+01	   1.0468096355001411e+00	   1.0228775600640128e+00	   3.0810019958133633e-07	   1.3333438209046373e+00	   1.3333595528801578e+00	
   2.4591304254680438e+01	   1.0459503238326446e+00	   1.0224667425894978e+00	   2.8708556380269047e-07	   1.3333432776451080e+00	   1.3333581946689164e+00	
   2.5049415421745024e+01	   1.0451068279655031e+00	   1.0220631646682132e+00	   2.6748930011153658e-07	   1.3333427621649299e+00	   1.3333569059123107e+00	
   2.5516060737271836e+01	   1.0442788558659797e+00	   1.0216667037437663e+00	   2.4921695446269383e-07	   1.3333422730684141e+00	   1.3333556831204991e+00	
   2.5991399183829330e+01	   1.0434661209018941e+00	   1.0212772391499230e+00	   2.3218023812452236e-07	   1.3333418090283042e+00	   1.3333545229747770e+00	
   2.6475592705670664e+01	   1.0426683417426308e+00	   1.0208946520883539e+00	   2.1629665132212115e-07	   1.3333413687825368e+00	   1.3333534223194776e+00	
   2.6968806263906927e+01	   1.0418852422618254e+00	   1.0205188256064079e+00	   2.0148913601209659e-07	   1.3333409511311407e+00	   1.3333523781542187e+00	
   2.7471207892708115e+01	   1.0411165514418226e+00	   1.0201496445748459e+00	   1.8768568212289375e-07	   1.3333405549332855e+00	   1.3333513876265166e+00	
   2.7982968756551159e+01	   1.0403620032797629e+00	   1.0197869956655961e+00	   1.7481903548730382e-07	   1.3333401791044621e+00	   1.3333504480247247e+00	
   2.8504263208534347e+01	   1.0396213366954097e+00	   1.0194307673295715e+00	   1.6282635361367451e-07	   1.3333398226137876e+00	   1.3333495567713050e+00	
   2.9035268849778138e+01	   1.0388942954405092e+00	   1.0190808497744765e+00	   1.5164896868077433e-07	   1.3333394844814335e+00	   1.3333487114163858e+00	
   2.9576166589932534e+01	   1.0381806280098169e+00	   1.0187371349426870e+00	   1.4123208714003464e-07	   1.3333391637761804e+00	   1.3333479096316398e+00	
   3.0127140708811641e+01	   1.0374800875537247e+00	   1.0183995164892117e+00	   1.3152455678948385e-07	   1.3333388596130626e+00	   1.3333471492044227e+00	
   3.0688378919176422e+01	   1.0367924317924313e+00	   1.0180678897596647e+00	   1.2247858038392870e-07	   1.3333385711511585e+00	   1.3333464280321947e+00	
   3.1260072430687035e+01	   1.0361174229315722e+00	   1.0177421517683893e+00	   1.1404957391688738e-07	   1.3333382975914350e+00	   1.3333457441171936e+00	
   3.1842416015046531e+01	   1.0354548275795161e+00	   1.0174222011765990e+00	   1.0619587636008603e-07	   1.3333380381747471e+00	   1.3333450955613615e+00	
   3.2435608072358114e+01	   1.0348044166659953e+00	   1.0171079382706927e+00	   9.8878663450260311e-08	   1.3333377921798715e+00	   1.3333444805614998e+00	
   3.3039850698718581e+01	   1.0341659653622679e+00	   1.0167992649406072e+00	   9.2061647064895903e-08	   1.3333375589216903e+00	   1.3333438974046505e+00	
   3.3655349755070944e+01	   1.0335392530027541e+00	   1.0164960846583220e+00	   8.5710969746039157e-08	   1.3333373377494067e+00	   1.3333433444637053e+00	
   3.4282314937339706e+01	   1.0329240630080276e+00	   1.0161983024564705e+00	   7.9795037468105793e-08	   1.3333371280448889e+00	   1.3333428201932080e+00	
   3.4920959847872716e+01	   1.0323201828091744e+00	   1.0159058249070900e+00	   7.4284395802796554e-08	   1.3333369292210533e+00	   1.3333423231253578e+00	
   3.5571502068213860e+01	   1.0317274037736404e+00	   1.0156185601005028e+00	   6.9151501375185448e-08	   1.3333367407203636e+00	   1.3333418518662079e+00	
   3.6234163233231499e+01	   1.0311455211322651e+00	   1.0153364176243076e+00	   6.4370743028419645e-08	   1.3333365620133577e+00	   1.3333414050920260e+00	
   3.6909169106627786e+01	   1.0305743339078410e+00	   1.0150593085425876e+00	   5.9918165694536613e-08	   1.3333363925972885e+00	   1.3333409815458570e+00	
   3.7596749657854673e+01	   1.0300136448447208e+00	   1.0147871453751824e+00	   5.5771430953327431e-08	   1.3333362319947877e+00	   1.3333405800342222e+00	
   3.8297139140462811e+01	   1.0294632603399714e+00	   1.0145198420771957e+00	   5.1909727837334309e-08	   1.3333360797526221e+00	   1.3333401994239849e+00	
   3.9010576171909932e+01	   1.0289229903755619e+00	   1.0142573140186051e+00	   4.8313623391459990e-08	   1.3333359354405139e+00	   1.3333398386393680e+00	
   3.9737303814856084e+01	   1.0283926484519277e+00	   1.0139994779640726e+00	   4.4965018098948793e-08	   1.3333357986499743e+00	   1.3333394966591181e+00	
   4.0477569659973220e+01	   1.0278720515227113e+00	   1.0137462520529130e+00	   4.1846999676751559e-08	   1.3333356689932425e+00	   1.3333391725137944e+00	
   4.1231625910297524e+01	   1.0273610199307341e+00	   1.0134975557792154e+00	   3.8943846345298068e-08	   1.3333355461022647e+00	   1.3333388652831950e+00	
   4.1999729467153060e+01	   1.0268593773450161e+00	   1.0132533099722034e+00	   3.6240808713308155e-08	   1.3333354296276783e+00	   1.3333385740939159e+00	
   4.2782142017676172e+01	   1.0263669506990765e+00	   1.0130134367766979e+00	   3.3724289266204669e-08	   1.3333353192379287e+00	   1.3333382981170021e+00	
   4.3579130123970302e+01	   1.0258835701303959e+00	   1.0127778596338048e+00	   3.1381439641055703e-08	   1.3333352146183339e+00	   1.3333380365657446e+00	
   4.4390965313921711e+01	   1.0254090689208364e+00	   1.0125465032617842e+00	   2.9200402299151373e-08	   1.3333351154702795e+00	   1.3333377886935627e+00	
   4.5217924173707019e+01	   1.0249432834383054e+00	   1.0123192936371292e+00	   2.7170091883361714e-08	   1.3333350215103859e+00	   1.3333375537919929e+00	
   4.6060288442024031e+01	   1.0244860530794171e+00	   1.0120961579757577e+00	   2.5280134198989746e-08	   1.3333349324697623e+00	   1.3333373311887862e+00	
   4.6918345106077993e+01	   1.0240372202132728e+00	   1.0118770247145012e+00	   2.3520922179315609e-08	   1.3333348480932687e+00	   1.3333371202460813e+00	
   4.7792386499355999e+01	   1.0235966301261887e+00	   1.0116618234927011e+00	   2.1883457101900090e-08	   1.3333347681388439e+00	   1.3333369203586845e+00	
   4.8682710401222835e+01	   1.0231641309675434e+00	   1.0114504851340520e+00	   2.0359369448186555e-08	   1.3333346923768126e+00	   1.3333367309524198e+00	
   4.9589620138372169e+01	   1.0227395736965630e+00	   1.0112429416286266e+00	   1.8940885045571432e-08	   1.3333346205892993e+00	   1.3333365514825710e+00	
   5.0513424688167660e+01	   1.0223228120300938e+00	   1.0110391261150615e+00	   1.7620714900870098e-08	   1.3333345525696134e+00	   1.3333363814323909e+00	
   5.1454438783909296e+01	   1.0219137023914104e+00	   1.0108389728630272e+00	   1.6392073691235936e-08	   1.3333344881216773e+00	   1.3333362203116923e+00	
   5.2412983022060615e+01	   1.0215121038598605e+00	   1.0106424172557973e+00	   1.5248709462652195e-08	   1.3333344270595102e+00	   1.3333360676555017e+00	
   5.3389383971473556e+01	   1.0211178781215158e+00	   1.0104493957731162e+00	   1.4184690410877336e-08	   1.3333343692067019e+00	   1.3333359230227868e+00	
   5.4383974284648019e+01	   1.0207308894207838e+00	   1.0102598459741512e+00	   1.3194555252068489e-08	   1.3333343143959311e+00	   1.3333357859952388e+00	
   5.5397092811064063e+01	   1.0203510045128090e+00	   1.0100737064807974e+00	   1.2273221446191295e-08	   1.3333342624685043e+00	   1.3333356561761196e+00	
   5.6429084712625425e+01	   1.0199780926168096e+00	   1.0098909169610184e+00	   1.1415952124945086e-08	   1.3333342132739268e+00	   1.3333355331891674e+00	
   5.7480301581253570e+01	   1.0196120253702368e+00	   1.0097114181125020e+00	   1.0618233055688897e-08	   1.3333341666694605e+00	   1.3333354166775588e+00	
   5.8551101558672443e+01	   1.0192526767840260e+00	   1.0095351516465045e+00	   9.8760293334216318e-09	   1.3333341225197615e+00	   1.3333353063029103e+00	
   5.9641849458424659e+01	   1.0188999231981808e+00	   1.0093620602718256e+00	   9.1855064295399317e-09	   1.3333340806964824e+00	   1.3333352017443458e+00	
   6.0752916890160712e+01	   1.0185536432387741e+00	   1.0091920876790699e+00	   8.5430513807616159e-09	   1.3333340410779113e+00	   1.3333351026975981e+00	
   6.1884682386243831e+01	   1.0182137177753181e+00	   1.0090251785250548e+00	   7.9453102887768373e-09	   1.3333340035486576e+00	   1.3333350088741669e+00	
   6.3037531530712748e+01	   1.0178800298790005e+00	   1.0088612784174560e+00	   7.3892285523050828e-09	   1.3333339679992964e+00	   1.3333349200005074e+00	
   6.4211857090647584e+01	   1.0175524647819956e+00	   1.0087003338995733e+00	   6.8719272853048157e-09	   1.3333339343260948e+00	   1.3333348358172672e+00	
   6.5408059149982520e+01	   1.0172309098371421e+00	   1.0085422924354430e+00	   6.3906903404689790e-09	   1.3333339024306947e+00	   1.3333347560785589e+00	
   6.6626545245811499e+01	   1.0169152544785276e+00	   1.0083871023949627e+00	   5.9430351232085045e-09	   1.3333338722198533e+00	   1.3333346805512665e+00	
   6.7867730507232949e+01	   1.0166053901829499e+00	   1.0082347130393554e+00	   5.5266003326341095e-09	   1.3333338436051738e+00	   1.3333346090143974e+00	
   6.9132037796781276e+01	   1.0163012104318372e+00	   1.0080850745067766e+00	   5.1392654232397733e-09	   1.3333338165028565e+00	   1.3333345412584543e+00	
   7.0419897854492888e+01	   1.0160026106740796e+00	   1.0079381377981074e+00	   4.7788985053971517e-09	   1.3333337908334666e+00	   1.3333344770848421e+00	
   7.1731749444656131e+01	   1.0157094882894961e+00	   1.0077938547629610e+00	   4.4437635123840277e-09	   1.3333337665217047e+00	   1.3333344163053158e+00	
   7.3068039505294990e+01	   1.0154217425529040e+00	   1.0076521780858760e+00	   4.1320731389464652e-09	   1.3333337434961956e+00	   1.3333343587414339e+00	
   7.4429223300437584e+01	   1.0151392745989070e+00	   1.0075130612726693e+00	   3.8421474632035690e-09	   1.3333337216892875e+00	   1.3333343042240693e+00	
   7.5815764575221095e+01	   1.0148619873875193e+00	   1.0073764586370693e+00	   3.5724551555604247e-09	   1.3333337010368602e+00	   1.3333342525929133e+00	
   7.7228135713886417e+01	   1.0145897856701069e+00	   1.0072423252873859e+00	   3.3216757275750214e-09	   1.3333336814781398e+00	   1.3333342036960323e+00	
   7.8666817900715813e+01	   1.0143225759562031e+00	   1.0071106171135529e+00	   3.0884414885771029e-09	   1.3333336629555279e+00	   1.3333341573894280e+00	
   8.0132301283968872e+01	   1.0140602664808160e+00	   1.0069812907741704e+00	   2.8715213361865086e-09	   1.3333336454144324e+00	   1.3333341135366292e+00	
   8.1625085142872280e+01	   1.0138027671724241e+00	   1.0068543036838868e+00	   2.6697839959262396e-09	   1.3333336288031239e+00	   1.3333340720083025e+00	
   8.3145678057720644e+01	   1.0135499896216207e+00	   1.0067296140008708e+00	   2.4821752764781101e-09	   1.3333336130725768e+00	   1.3333340326818846e+00	
   8.4694598083145848e+01	   1.0133018470501431e+00	   1.0066071806144634e+00	   2.3076943875060370e-09	   1.3333335981763317e+00	   1.3333339954412256e+00	
   8.6272372924614501e+01	   1.0130582542806952e+00	   1.0064869631331186e+00	   2.1454821103309260e-09	   1.3333335840703620e+00	   1.3333339601762619e+00	
   8.7879540118213200e+01	   1.0128191277071283e+00	   1.0063689218723395e+00	   1.9946073197929654e-09	   1.3333335707129539e+00	   1.3333339267827002e+00	
   8.9516647213783017e+01	   1.0125843852654670e+00	   1.0062530178429308e+00	   1.8543061611314812e-09	   1.3333335580645711e+00	   1.3333338951617142e+00	
   9.1184251961465719e+01	   1.0123539464051590e+00	   1.0061392127394302e+00	   1.7238625030765749e-09	   1.3333335460877629e+00	   1.3333338652196614e+00	
   9.2882922501724991e+01	   1.0121277320610649e+00	   1.0060274689285920e+00	   1.6026106547860359e-09	   1.3333335347470370e+00	   1.3333338368678191e+00	
   9.4613237558907684e+01	   1.0119056646258944e+00	   1.0059177494381630e+00	   1.4897870519317037e-09	   1.3333335240087654e+00	   1.3333338100221179e+00	
   9.6375786638410887e+01	   1.0116876679232316e+00	   1.0058100179457703e+00	   1.3849411182887048e-09	   1.3333335138410916e+00	   1.3333337846029103e+00	
   9.8171170227521941e+01	   1.0114736671808320e+00	   1.0057042387679864e+00	   1.2874417199349001e-09	   1.3333335042138283e+00	   1.3333337605347320e+00	
   1.0000000000000000e+02	   1.0112635890047827e+00	   1.0056003768495569e+00	   1.1967333037788529e-09	   1.3333334950983780e+00	   1.3333337377460917e+00	
